649
679
1208
1376
1462
1476
1613
1680
2002
2277
2332
3129
3153
3203
3230
3404
3543
3600
3676
3746
3820
3841
3859
4943
5683
5838
7184
8947
9060
9084
9248
9408
9570
10078
10213
10275
10746
11086
11121
11236
11341
11404
11410
11533
11677
11796
11802
11878
11984
12003
12066
12087
12088
12154
12176
12212
12442
12631
12667
12766
12915
13036
13173
13298
14027
14036
14141
14162
14196
14257
14544
14672
14700
14782
14871
14970
15262
15285
15487
15509
15582
15593
15717
15782
15818
16020
16128
16214
17070
17169
17209
17267
17414
17807
17887
17971
18091
18526
18936
19114
19416
19424
19598
19761
19817
20538
20561
20856
20909
21101
21193
21340
21504
21631
22490
22846
23610
23776
24852
25073
25155
25720
26166
26554
26593
26630
26647
27080
27112
27318
27412
27429
27741
27913
28039
28182
28208
28218
28234
28348
28359
28376
28382
28738
28792
28794
28824
28885
28891
29374
29668
30519
31094
31365
32007
32119
32736
32908
33439
33600
33702
33793
34034
34170
34324
34496
34614
36348
36449
36728
37371
37477
38267
38278
38699
38728
39114
39344
39530
39636
39655
39717
39720
39740
39782
40521
40672
40754
40881
41191
41624
41708
41738
41780
41909
41949
42106
42152
42272
42334
42429
42481
42562
42571
42589
42925
43218
43456
43564
43729
43746
44007
44315
44416
44477
44583
44625
44649
44702
44727
44771
44857
44938
44975
45021
45091
45240
45403
45417
45551
45590
45634
45668
45736
46318
46633
46794
46834
47004
47132
47786
48221
48367
49031
49085
49352
49400
49549
49637
49686
49759
49912
50100
50418
50839
50861
50928
51006
51076
51100
51265
51273
51557
51702
51767
51860
51945
52140
52195
52205
52241
52338
52372
52728
52782
52793
52804
53042
53224
53458
53465
53816
53831
53838
53905
53994
53995
54009
54054
54337
54341
54574
54695
54775
54784
54847
55017
55337
55444
55458
55477
55490
55546
56219
56827
