612
620
685
689
700
750
753
758
782
785
849
855
902
917
953
962
1114
1121
1146
1163
1231
1300
1469
1481
1595
1753
1802
1822
1837
1910
2005
2030
2152
2240
2508
2548
2558
2707
2809
2985
3177
3212
3240
3271
3317
3497
3515
3565
3609
3769
3795
3798
3799
3817
3861
3863
3917
4080
4156
4184
4189
4204
4213
4224
4232
4233
4289
4361
4394
4417
4422
4463
4514
4534
4700
4822
5001
5077
5082
5135
5192
5716
5823
5842
5952
5970
5977
6001
6308
6367
6408
6423
6456
6503
6756
6783
6796
6849
6917
6995
7005
7094
7138
7190
7216
7283
7307
7369
7405
7448
7474
7480
7503
7536
7570
7586
8033
8151
8155
8222
8467
8530
8563
8579
8590
8687
8694
8755
8947
9091
9128
9329
9415
9525
9535
9556
9584
9590
9597
9641
9778
9828
9879
9952
9996
10204
10230
10298
10348
10398
10439
10461
10468
10485
10523
10567
10597
10634
10669
10762
10779
10818
10860
10871
10957
10962
10966
10974
11054
11081
11084
11116
11123
11176
11192
11211
11215
11217
11245
11253
11260
11263
11305
11350
11358
11361
11371
11385
11390
11392
11393
11442
11446
11450
11452
11460
11527
11609
11625
11627
11630
11656
11710
11803
11829
11851
11904
11912
11922
11942
11946
11956
11969
11973
11987
12009
12029
12108
12119
12124
12155
12186
12191
12206
12214
12259
12412
12425
12446
12452
12457
12479
12534
12536
12615
12619
12701
12707
12723
12900
12911
13024
13026
13141
13151
13189
13304
13316
13336
13461
13499
13591
13594
13617
13630
13820
13914
13926
13933
13962
13991
14041
14057
14106
14129
14138
14175
14176
14193
14204
14210
14230
14233
14256
14291
14295
14300
14360
14483
14525
14624
14632
14666
14668
14734
14738
14740
14759
14770
14804
14824
14861
14862
14930
14948
14976
15032
15224
15303
15383
15385
15432
15447
15477
15486
15524
15547
15584
15595
15607
15759
15769
15778
15792
15895
15917
15921
15939
15948
15994
15998
16030
16108
16176
16196
16197
16198
16212
16230
16247
16328
16358
16365
16408
16443
16444
16457
16459
16501
16503
16527
16662
16670
16713
16765
16771
16854
16979
17016
17018
17111
17136
17203
17217
17249
17269
17321
17357
17367
17380
17449
17464
17511
17526
17527
17551
17591
17603
17682
17694
17823
17858
17865
17921
17922
17936
17940
17959
18027
18084
18218
18234
18246
18269
18289
18374
18375
18470
18472
18505
18519
18520
18704
18770
18774
18784
18785
18797
18841
18851
18859
18899
18902
18904
18913
18915
18927
18939
18968
18973
19012
19020
19024
19057
19061
19089
19102
19115
19119
19125
19154
19172
19191
19226
19231
19262
19320
19454
19522
19738
19830
19848
19854
19907
19920
19979
20034
20061
20225
20317
20482
20579
20645
20681
20694
20802
20889
21117
21119
21121
21292
21303
21315
21318
21322
21369
21404
21412
21452
21462
21470
21685
21824
21946
21952
21968
21987
22240
22278
22842
22853
22932
22934
22958
23310
23327
23435
23437
23484
23499
23514
23541
23596
23623
23653
24311
24397
24408
24484
24659
24717
24758
24882
24926
24958
25134
25163
25230
25277
25308
25518
25595
25613
25727
25752
25758
25825
25869
26198
26245
26261
26364
26390
26397
26457
26459
26489
26522
26546
26555
26641
26642
26680
26759
27037
27129
27130
27135
27206
27256
27292
27353
27442
27484
27529
27559
27628
27674
27707
27776
27789
27804
27809
27842
27845
27860
27862
27912
27915
27919
27942
27953
27961
27985
28041
28077
28105
28134
28149
28150
28155
28158
28201
28206
28223
28225
28256
28272
28308
28310
28343
28382
28390
28440
28457
28688
28690
28692
28721
28735
28741
28848
28897
28968
29026
29037
29074
29083
29092
29099
29106
29152
29223
29237
29242
29259
29368
29465
29578
29643
29749
29850
29906
29909
29945
30008
30064
30310
30485
30644
30650
30802
30830
30855
30868
30904
31030
31077
31366
31382
31383
31505
31538
31717
31733
31944
32070
32335
32336
32370
32644
32656
32677
32766
32769
32778
32845
32852
32868
32876
33129
33134
33136
33141
33167
33194
33407
33420
33475
33567
33571
33604
33642
33645
33693
33701
33705
33773
33793
33841
33866
33892
34017
34036
34037
34045
34067
34119
34173
34177
34186
34191
34221
34331
34478
34483
34533
34539
34584
34599
34641
34744
34885
34923
34958
35001
35145
35173
35188
35198
35216
35241
35253
35300
35380
35498
35587
35614
35627
35665
35686
35689
35849
35934
36161
36173
36503
36516
36622
36647
36686
36698
36708
36730
36791
36807
36822
36842
36855
36857
36862
36936
36999
37000
37045
37049
37484
37496
37516
37517
37518
37521
37569
37620
37661
37672
37693
37985
38003
38043
38104
38140
38163
38172
38181
38249
38279
38307
38329
38391
38411
38707
38714
38902
38913
38916
38939
38943
38993
39052
39072
39109
39112
39125
39139
39193
39242
39327
39381
39398
39411
39417
39570
39593
39677
39679
39693
39695
39738
39787
39795
39803
39806
39834
39838
39858
39888
39930
39968
40380
40443
40687
40714
40777
41000
41006
41230
41345
41442
41508
41622
41650
41679
41709
41788
41801
41803
41875
41888
41904
41934
41939
41948
41983
41988
42002
42016
42096
42119
42134
42195
42197
42236
42243
42255
42266
42335
42344
42347
42367
42430
42567
42599
42625
42660
42685
42723
42854
43192
43444
43488
43490
43518
43527
43540
43575
43679
43720
43747
43755
43802
43903
43970
43973
44158
44214
44278
44280
44342
44362
44363
44380
44382
44420
44458
44601
44711
44735
44741
44771
44774
44838
44848
44905
44942
44953
44956
44981
44990
44996
44999
45000
45165
45173
45259
45285
45330
45338
45372
45373
45387
45429
45448
45455
45490
45613
45673
45674
45681
45707
45728
45755
45766
45844
45928
45962
46003
46246
46413
46596
46679
46788
46794
46817
47031
47109
47153
47355
47412
47430
47462
47477
47478
47557
47714
47769
47966
48070
48112
48114
48222
48232
48525
48548
48560
48597
48621
48897
48906
48908
48915
48918
49026
49112
49186
49194
49307
49343
49438
49454
49463
49515
49521
49535
49577
49582
49721
49749
49799
49803
49816
49916
49924
50053
50062
50075
50086
50087
50105
50305
50347
50375
50389
50456
50526
50564
50570
50585
50587
50727
50922
51173
51180
51226
51285
51973
52151
52630
52805
53916
55236
55478
55492
55494
55495
55520
55546
55667
55674
55679
55704
55720
55735
55796
55808
55881
55926
55928
55938
55964
56106
56134
56142
56164
56227
56343
56545
56685
56796
56808
56825
56838
56941
56965
57020
57112
57154
57176
57187
57608
57614
57619
57641
57691
57698
57718
57732
57800
57801
57816
57817
57866
57892
57897
57929
57937
57977
58012
58035
58072
58076
58078
58081
58098
58104
58131
58146
58152
58165
58179
58194
58200
58209
58242
58244
58253
58256
58263
58315
58349
58369
58370
58376
58424
58485
58488
58510
58530
58535
58547
58572
58589
58594
58630
58646
58653
58669
58708
58720
58722
58780
58787
58892
58935
58942
58946
58950
58976
59085
59092
59114
59123
59146
59148
59151
59164
59183
59194
59237
59386
59388
59451
59519
59627
59787
59798
59824
60035
60036
60071
60076
60081
60082
60090
60181
60240
60266
60287
60386
