14036
41796
48367
3580
11802
22490
32119
50861
50418
11354
19859
41522
44318
47132
50928
679
42429
41191
16128
5838
17971
42571
44416
51006
44477
51076
17807
42531
23610
17414
31170
39114
12426
44975
18057
14544
44267
7643
51769
41780
32736
19416
13035
39636
31046
15782
10301
15582
23657
39290
39937
10041
17209
45634
51860
51868
49912
51869
15505
51916
51940
19817
14257
51942
50068
51945
51964
18413
12003
28738
26602
17394
28792
23326
44007
15285
28039
20538
18365
52195
52372
44702
52728
27429
3203
21340
42272
28182
34534
30537
24491
52335
15503
43567
30728
41949
25720
14871
52782
39344
52325
13806
26593
46834
19761
26630
37371
29680
52241
32440
39000
44239
35452
42843
41909
1430
12804
39633
36243
34918
34614
28503
14542
39717
52205
48422
11991
29103
43582
53046
26166
53091
53123
42833
53225
16038
13027
23412
24123
28717
24822
45964
55017
42925
2503
13298
40672
23599
13173
28794
19063
45417
28322
27412
25155
26279
32367
51767
45021
51522
23517
24852
44315
3404
12338
10778
53838
38728
26488
6586
27741
53831
27627
27318
53905
21504
3617
38735
11410
49031
33439
14141
47004
53995
45590
27832
14202
39036
54009
35313
2332
54017
54058
28234
34170
14855
15856
41624
43746
669
10746
17965
32007
36504
38253
45240
50968
42182
11533
19114
32908
40881
1613
36771
13034
54337
38759
34061
11811
27080
49686
33097
42834
27350
41708
54748
49631
18714
39585
45057
39655
15717
46033
54847
8768
42386
31287
50100
15586
20909
49557
31376
43218
27112
46507
44957
20677
22846
43729
53994
10597
45334
1476
44352
18091
39720
11341
28824
11086
47786
55490
50548
56266
9408
45551
8947
56219
11984
55444
44078
41261
14235
56545
56808
15584
28178
